
         (0,0,0)(0,0,1)(0,1,0)(1,0,0)(0,1,1)(1,0,1)(1,1,0)(1,1,1)

 (0,0,0)
 (0,0,1)
 (0,1,0)
 (1,0,0)
 (0,1,1)
 (1,0,1)
 (1,1,0)
 (1,1,1)



==================（0,0,0）=============================
K_L information矩阵如下: 
0.0  0.0  0.0  0.0  0.0  0.0  0.0  0.0  
0.0  0.0  0.0  0.0  0.0  0.0  0.0  0.0  
0.0  0.0  0.0  0.0  0.0  0.0  0.0  0.0  
0.0  0.0  0.0  0.0  0.0  0.0  0.0  0.0  
0.0  0.0  0.0  0.0  0.0  0.0  0.0  0.0  
0.0  0.0  0.0  0.0  0.0  0.0  0.0  0.0  
0.0  0.0  0.0  0.0  0.0  0.0  0.0  0.0  
0.0  0.0  0.0  0.0  0.0  0.0  0.0  0.0  
adi的计算指标：
adi1: [41, 14, 62, 26, 73, 37, 85, 58]
adi2: [31, 13, 52, 25, 74, 47, 86, 68]
adi3: [21, 12, 53, 35, 64, 46, 87, 78]
list 遍历 ;拿list的值去Array中匹配寻找,然后输出其大小：
adi1: 0.0
adi2: 0.0
adi3: 0.0
[0.0, 0.0, 0.0]

==================（0,0,1）=============================
K_L information矩阵如下: 
0.0  1.14  0.0  0.0  1.14  1.14  0.0  1.14  
1.36  0.0  1.36  1.36  0.0  0.0  1.36  0.0  
0.0  1.14  0.0  0.0  1.14  1.14  0.0  1.14  
0.0  1.14  0.0  0.0  1.14  1.14  0.0  1.14  
1.36  0.0  1.36  1.36  0.0  0.0  1.36  0.0  
1.36  0.0  1.36  1.36  0.0  0.0  1.36  0.0  
0.0  1.14  0.0  0.0  1.14  1.14  0.0  1.14  
1.36  0.0  1.36  1.36  0.0  0.0  1.36  0.0  
adi的计算指标：
adi1: [41, 14, 62, 26, 73, 37, 85, 58]
adi2: [31, 13, 52, 25, 74, 47, 86, 68]
adi3: [21, 12, 53, 35, 64, 46, 87, 78]
list 遍历 ;拿list的值去Array中匹配寻找,然后输出其大小：
adi1: 0.0
adi2: 0.0
adi3: 1.25
[0.0, 0.0, 1.25]

==================（0,1,0）=============================
K_L information矩阵如下: 
0.0  0.0  1.14  0.0  1.14  0.0  1.14  1.14  
0.0  0.0  1.14  0.0  1.14  0.0  1.14  1.14  
1.36  1.36  0.0  1.36  0.0  1.36  0.0  0.0  
0.0  0.0  1.14  0.0  1.14  0.0  1.14  1.14  
1.36  1.36  0.0  1.36  0.0  1.36  0.0  0.0  
0.0  0.0  1.14  0.0  1.14  0.0  1.14  1.14  
1.36  1.36  0.0  1.36  0.0  1.36  0.0  0.0  
1.36  1.36  0.0  1.36  0.0  1.36  0.0  0.0  
adi的计算指标：
adi1: [41, 14, 62, 26, 73, 37, 85, 58]
adi2: [31, 13, 52, 25, 74, 47, 86, 68]
adi3: [21, 12, 53, 35, 64, 46, 87, 78]
list 遍历 ;拿list的值去Array中匹配寻找,然后输出其大小：
adi1: 0.0
adi2: 1.25
adi3: 0.0
[0.0, 1.25, 0.0]

==================（1,0,0）=============================
K_L information矩阵如下: 
0.0  0.0  0.0  1.14  0.0  1.14  1.14  1.14  
0.0  0.0  0.0  1.14  0.0  1.14  1.14  1.14  
0.0  0.0  0.0  1.14  0.0  1.14  1.14  1.14  
1.36  1.36  1.36  0.0  1.36  0.0  0.0  0.0  
0.0  0.0  0.0  1.14  0.0  1.14  1.14  1.14  
1.36  1.36  1.36  0.0  1.36  0.0  0.0  0.0  
1.36  1.36  1.36  0.0  1.36  0.0  0.0  0.0  
1.36  1.36  1.36  0.0  1.36  0.0  0.0  0.0  
adi的计算指标：
adi1: [41, 14, 62, 26, 73, 37, 85, 58]
adi2: [31, 13, 52, 25, 74, 47, 86, 68]
adi3: [21, 12, 53, 35, 64, 46, 87, 78]
list 遍历 ;拿list的值去Array中匹配寻找,然后输出其大小：
adi1: 1.25
adi2: 0.0
adi3: 0.0
[1.25, 0.0, 0.0]

==================（0,1,1）=============================
K_L information矩阵如下: 
0.0  0.06  0.06  0.0  1.52  0.06  0.06  1.52  
0.12  0.0  0.0  0.12  1.14  0.0  0.0  1.14  
0.12  0.0  0.0  0.12  1.14  0.0  0.0  1.14  
0.0  0.06  0.06  0.0  1.52  0.06  0.06  1.52  
3.0  1.36  1.36  3.0  0.0  1.36  1.36  0.0  
0.12  0.0  0.0  0.12  1.14  0.0  0.0  1.14  
0.12  0.0  0.0  0.12  1.14  0.0  0.0  1.14  
3.0  1.36  1.36  3.0  0.0  1.36  1.36  0.0  
adi的计算指标：
adi1: [41, 14, 62, 26, 73, 37, 85, 58]
adi2: [31, 13, 52, 25, 74, 47, 86, 68]
adi3: [21, 12, 53, 35, 64, 46, 87, 78]
list 遍历 ;拿list的值去Array中匹配寻找,然后输出其大小：
adi1: 0.0
adi2: 0.6699999999999999
adi3: 0.6699999999999999
[0.0, 0.6699999999999999, 0.6699999999999999]

==================（1,0,1）=============================
K_L information矩阵如下: 
0.0  0.06  0.0  0.06  0.06  1.52  0.06  1.52  
0.12  0.0  0.12  0.0  0.0  1.14  0.0  1.14  
0.0  0.06  0.0  0.06  0.06  1.52  0.06  1.52  
0.12  0.0  0.12  0.0  0.0  1.14  0.0  1.14  
0.12  0.0  0.12  0.0  0.0  1.14  0.0  1.14  
3.0  1.36  3.0  1.36  1.36  0.0  1.36  0.0  
0.12  0.0  0.12  0.0  0.0  1.14  0.0  1.14  
3.0  1.36  3.0  1.36  1.36  0.0  1.36  0.0  
adi的计算指标：
adi1: [41, 14, 62, 26, 73, 37, 85, 58]
adi2: [31, 13, 52, 25, 74, 47, 86, 68]
adi3: [21, 12, 53, 35, 64, 46, 87, 78]
list 遍历 ;拿list的值去Array中匹配寻找,然后输出其大小：
adi1: 0.6699999999999999
adi2: 0.0
adi3: 0.67
[0.6699999999999999, 0.0, 0.67]

==================（1,1,0）=============================
K_L information矩阵如下: 
0.0  0.0  0.06  0.06  0.06  0.06  1.52  1.52  
0.0  0.0  0.06  0.06  0.06  0.06  1.52  1.52  
0.12  0.12  0.0  0.0  0.0  0.0  1.14  1.14  
0.12  0.12  0.0  0.0  0.0  0.0  1.14  1.14  
0.12  0.12  0.0  0.0  0.0  0.0  1.14  1.14  
0.12  0.12  0.0  0.0  0.0  0.0  1.14  1.14  
3.0  3.0  1.36  1.36  1.36  1.36  0.0  0.0  
3.0  3.0  1.36  1.36  1.36  1.36  0.0  0.0  
adi的计算指标：
adi1: [41, 14, 62, 26, 73, 37, 85, 58]
adi2: [31, 13, 52, 25, 74, 47, 86, 68]
adi3: [21, 12, 53, 35, 64, 46, 87, 78]
list 遍历 ;拿list的值去Array中匹配寻找,然后输出其大小：
adi1: 0.67
adi2: 0.67
adi3: 0.0
[0.67, 0.67, 0.0]

==================（1,1,1）=============================
K_L information矩阵如下: 
0.0  0.0  0.0  0.0  0.09  0.09  0.09  1.59  
0.01  0.0  0.0  0.0  0.06  0.06  0.06  1.52  
0.01  0.0  0.0  0.0  0.06  0.06  0.06  1.52  
0.01  0.0  0.0  0.0  0.06  0.06  0.06  1.52  
0.32  0.12  0.12  0.12  0.0  0.0  0.0  1.14  
0.32  0.12  0.12  0.12  0.0  0.0  0.0  1.14  
0.32  0.12  0.12  0.12  0.0  0.0  0.0  1.14  
4.66  3.0  3.0  3.0  1.36  1.36  1.36  0.0  
adi的计算指标：
adi1: [41, 14, 62, 26, 73, 37, 85, 58]
adi2: [31, 13, 52, 25, 74, 47, 86, 68]
adi3: [21, 12, 53, 35, 64, 46, 87, 78]
list 遍历 ;拿list的值去Array中匹配寻找,然后输出其大小：
adi1: 0.35875
adi2: 0.35875
adi3: 0.35875
[0.35875, 0.35875, 0.35875]









===============================================================



 //计算K_L information
    //学生的掌握patter vs  题目考察pattern  固定的
    //0.8 πj*   0.125 rjk*

    //试题pattern(0,0,0)
    //P(0,0,0)(0,0,0) = 0.8 * (1 * 1 * 1 ) = 0.8
    //P(0,0,1)(0,0,0) = 0.8 * (1 * 1 * 1 ) = 0.8
    //P(0,1,0)(0,0,0) = 0.8 * (1 * 1 * 1 ) = 0.8
    //P(1,0,0)(0,0,0) = 0.8 * (1 * 1 * 1 ) = 0.8
    //P(0,1,1)(0,0,0) = 0.8 * (1 * 1 * 1 ) = 0.8
    //P(1,0,1)(0,0,0) = 0.8 * (1 * 1 * 1 ) = 0.8
    //P(1,1,0)(0,0,0) = 0.8 * (1 * 1 * 1 ) = 0.8
    //P(1,1,1)(0,0,0) = 0.8 * (1 * 1 * 1 ) = 0.8


    //试题pattern(0,0,1)
    //P(0,0,0)(0,0,1) = 0.8 * (1 * 1 * 0.125^1 ) = 0.1
    //P(0,0,1)(0,0,1) = 0.8 * (1 * 1  * 1 ) = 0.8
    //P(0,1,0)(0,0,1) = 0.8 * (1 * 1 * 0.125^1 ) = 0.1
    //P(1,0,0)(0,0,1) = 0.8 * (1 * 1 * 0.125^1 ) = 0.1
    //P(0,1,1)(0,0,1) = 0.8 * (1 * 1 * 1 ) = 0.8
    //P(1,0,1)(0,0,1) = 0.8 * (1 * 1 * 1 ) = 0.8
    //P(1,1,0)(0,0,1) = 0.8 * (1 * 1 * 0.125^1 ) = 0.1
    //P(1,1,1)(0,0,1) = 0.8 * ( 1 * 1 * 1 ) = 0.8


    //试题pattern(0,1,0)
    //P(0,0,0)(0,1,0) = 0.8 * (1 * 0.125^1  * 1 ) = 0.1
    //P(0,0,1)(0,1,0) = 0.8 * (1 * 0.125^1  * 1 ) = 0.1
    //P(0,1,0)(0,1,0) = 0.8 * (1 * 1  * 1 ) = 0.8
    //P(1,0,0)(0,1,0) = 0.8 * (1 * 0.125^1  * 1 ) = 0.1
    //P(0,1,1)(0,1,0) = 0.8 * (1 * 1 * 1 ) = 0.8
    //P(1,0,1)(0,1,0) = 0.8 * (1 * 0.125^1  * 1 ) = 0.1
    //P(1,1,0)(0,1,0) = 0.8 * ( 1 * 1 * 1 ) = 0.8
    //P(1,1,1)(0,1,0) = 0.8 * ( 1 * 1 * 1 ) = 0.8

    //试题pattern(1,0,0)
    //P(0,0,0)(1,0,0) = 0.8 * (0.125^1 * 1 * 1 ) = 0.1
    //P(0,0,1)(1,0,0) = 0.8 * (0.125^1 * 1 * 1 ) = 0.1
    //P(0,1,0)(1,0,0) = 0.8 * (0.125^1 * 1 * 1 ) = 0.1
    //P(1,0,0)(1,0,0) = 0.8 * ( 1 * 1 * 1 ) = 0.8
    //P(0,1,1)(1,0,0) = 0.8 * (0.125^1 * 1 * 1 ) = 0.1
    //P(1,0,1)(1,0,0) = 0.8 * ( 1 * 1 * 1 ) = 0.8
    //P(1,1,0)(1,0,0) = 0.8 * ( 1 * 1 * 1 ) = 0.8
    //P(1,1,1)(1,0,0) = 0.8 * ( 1 * 1 * 1 ) = 0.8

    //试题pattern(0,1,1)
    //P(0,0,0)(0,1,1) = 0.8 * (1 * 0.125^1 * 0.125^1 ) = 0.0125
    //P(0,0,1)(0,1,1) = 0.8 * (1 * 0.125^1  * 1 ) = 0.1
    //P(0,1,0)(0,1,1) = 0.8 * (1 * 1 * 0.125^1 ) = 0.1
    //P(1,0,0)(0,1,1) = 0.8 * (1 * 0.125^1 * 0.125^1 ) = 0.0125
    //P(0,1,1)(0,1,1) = 0.8 * (1 * 1 * 1 ) = 0.8
    //P(1,0,1)(0,1,1) = 0.8 * (1 * 0.125^1 * 1 ) = 0.1
    //P(1,1,0)(0,1,1) = 0.8 * (1 * 1 * 0.125^1 ) = 0.1
    //P(1,1,1)(0,1,1) = 0.8 * ( 1 * 1 * 1 ) = 0.8

    //试题pattern(1,0,1)
    //P(0,0,0)(1,0,1) = 0.8 * (0.125^1 * 1 * 0.125^1  ) = 0.0125
    //P(0,0,1)(1,0,1) = 0.8 * (0.125^1 * 1  * 1 ) = 0.1
    //P(0,1,0)(1,0,1) = 0.8 * (0.125^1 * 1 * 0.125^1  ) = 0.0125
    //P(1,0,0)(1,0,1) = 0.8 * (1 * 1 * 0.125^1 ) = 0.1
    //P(0,1,1)(1,0,1) = 0.8 * (0.125^1 * 1 * 1 ) = 0.1
    //P(1,0,1)(1,0,1) = 0.8 * (1 * 1 * 1 ) = 0.8
    //P(1,1,0)(1,0,1) = 0.8 * (1 * 1 * 0.125^1 ) = 0.1
    //P(1,1,1)(1,0,1) = 0.8 * ( 1 * 1 * 1 ) = 0.8


    //试题pattern(1,1,0)
    //P(0,0,0)(1,1,0) = 0.8 * (0.125^1 * 0.125^1 * 1 ) = 0.0125
    //P(0,0,1)(1,1,0) = 0.8 * (0.125^1 * 0.125^1  * 1 ) = 0.125
    //P(0,1,0)(1,1,0) = 0.8 * (0.125^1 * 1 * 1  ) = 0.1
    //P(1,0,0)(1,1,0) = 0.8 * (1 * 0.125^1 * 1 ) = 0.1
    //P(0,1,1)(1,1,0) = 0.8 * (0.125^1 * 1 * 1 ) = 0.1
    //P(1,0,1)(1,1,0) = 0.8 * (1 * 0.125^1 * 1 ) = 0.1
    //P(1,1,0)(1,1,0) = 0.8 * (1 * 1 * 1 ) = 0.8
    //P(1,1,1)(1,1,0) = 0.8 * (1 * 1 * 1 ) = 0.8

    //试题pattern(1,1,1)
    //P(0,0,0)(1,1,1) = 0.8 * (0.125^1 * 0.125^1 * 0.125^1 ) = 0.0015625
    //P(0,0,1)(1,1,1) = 0.8 * (0.125^1 * 0.125^1  * 1 ) = 0.125
    //P(0,1,0)(1,1,1) = 0.8 * (0.125^1 * 1 * 0.125^1  ) = 0.125
    //P(1,0,0)(1,1,1) = 0.8 * (1 * 0.125^1 * 0.125^1 ) = 0.125
    //P(0,1,1)(1,1,1) = 0.8 * (0.125^1 * 1 * 1 ) = 0.1
    //P(1,0,1)(1,1,1) = 0.8 * (1 * 0.125^1 * 1 ) = 0.1
    //P(1,1,0)(1,1,1) = 0.8 * (1 * 1 * 0.125^1 ) = 0.1
    //P(1,1,1)(1,1,1) = 0.8 * (1 * 1 * 1 ) = 0.8

 *
     *         //错误  答对题的概率应该是基于统一的pattern
     *         //P(0,0,0)(0,0,0) = 0.8 * ( 1 * 1 *1 ) = 0.8
     *         //P(0,0,0)(0,0,1) = 0.8 * ( 1 * 1 * 0.125 ) = 0.1
     *         //P(0,0,0)(0,1,0) = 0.8 * ( 1 * 0.125 * 1 ) = 0.1
     *         //P(0,0,0)(1,0,0) = 0.8 * ( 0.125 * 1 * 1 ) = 0.1
     *         //P(0,0,0)(0,1,1) = 0.8 * ( 1 * 0.125 * 0.125 ) = 0.0125
     *         //P(0,0,0)(1,0,1) = 0.8 * ( 0.125 * 1 * 0.125 ) = 0.0125
     *         //P(0,0,0)(1,1,0) = 0.8 * ( 0.125 * 0.125 * 1 ) = 0.0125
     *         //P(0,0,0)(1,1,1) = 0.8 * ( 0.125 * 0.125 * 0.125 ) = 0.0015625
     *

  /**
     * K_L information矩阵如下: 每道题
     * 0.0  0.0  0.0  1.14  0.0  1.14  1.14  1.14
     * 0.0  0.0  0.0  1.14  0.0  1.14  1.14  1.14
     * 0.0  0.0  0.0  1.14  0.0  1.14  1.14  1.14
     * 1.36  1.36  1.36  0.0  1.36  0.0  0.0  0.0
     * 0.0  0.0  0.0  1.14  0.0  1.14  1.14  1.14
     * 1.36  1.36  1.36  0.0  1.36  0.0  0.0  0.0
     * 1.36  1.36  1.36  0.0  1.36  0.0  0.0  0.0
     * 1.36  1.36  1.36  0.0  1.36  0.0  0.0  0.0
     *
     */


  * eg:0.8   0.125    (1,0)
  *      P(0,0)(1,0)=0.8 * (0.125^1) * 1 = 0.1
  *      P(0,1)(1,0)=0.8 * (0.125^1) * 1 = 0.1
  *      P(1,0)(1,0)=0.8 * (1) * 1 = 0.8
  *      P(1,1)(1,0)=0.8 * (1) * 1 = 0.8


//捋思路 计算 adi1
//adi1 = D(A)jk1 +  D(A)jk0;
// D(A)jk1 (1,X,Y) to (0,X,Y)  ;          D(A)jk0  (0,X,Y) to (1,X,Y)
// (1,0,0)  (1,0,1)  (1,1,0)  (1,1,1)         (0,0,0)   (0,0,1)   (0,1,0)  (0,1,1)
// (0,0,0)  (0,0,1)  (0,1,0)  (0,1,1)         (1,0,0)   (1,0,1)   (1,1,0)  (1,1,1)
//  D41      D62      D73      D85             D14       D26       D37      D58
// [41, 14, 62, 26, 73, 37, 85, 58]


/**
     * pattern_lists
     *      [
     *          [0.8, 0.8, 0.8, 0.8, 0.8, 0.8, 0.8, 0.8],
     *          [0.1, 0.8, 0.1, 0.1, 0.8, 0.8, 0.1, 0.8],
     *          [0.1, 0.1, 0.8, 0.1, 0.8, 0.1, 0.8, 0.8],
     *          [0.1, 0.1, 0.1, 0.8, 0.1, 0.8, 0.8, 0.8],
     *          [0.0125, 0.1, 0.1, 0.0125, 0.8, 0.1, 0.1, 0.8],
     *          [0.0125, 0.1, 0.0125, 0.1, 0.1, 0.8, 0.1, 0.8],
     *          [0.0125, 0.0125, 0.1, 0.1, 0.1, 0.1, 0.8, 0.8],
     *          [0.0125, 0.0125, 0.0125, 0.0125, 0.1, 0.1, 0.1, 0.8]
     *      ]
     *
     */




















